6690
6684
6497
6478
6697
6644
6739
6573
6613
6634
6572
6632
6660
6694
6688
6714
6668
6534
6663
6558
6550
6671
6692
6698
6698
6653
6612
6707
6591
6576
6647
6703
6718
6661
6636
6553
6682
6492
6591
6667
6693
6572
6737
6599
6580
6642
6686
6564
6518
6671
6601
6607
6595
6596
6689
6688
6581
6647
6530
6592
6670
6575
6744
6493
6624
6621
6672
6575
6672
6688
6717
6753
6440
6542
6626
6626
6612
6668
6583
6718
6632
6709
6715
6623
6586
6506
6690
6575
6691
6518
6550
6578
6660
6507
6525
6578
6548
6553
6712
6499
