4854
6990
7136
6990
7012
7015
7082
7105
7010
7034
7022
7077
7057
7102
7084
7062
7103
7136
7014
7010
7104
7181
6968
6995
7046
7052
6998
6934
7150
6925
7067
7126
7128
7149
7063
7103
7037
7202
6861
7057
7113
7044
7003
7096
7118
7028
6953
7142
7113
7059
6977
6981
7072
7105
7043
7046
7163
7038
7051
7031
6993
7156
6980
7030
6999
7140
7056
7145
6903
7150
7064
7102
7055
6981
7152
7001
6948
6982
6965
7046
7139
7132
7003
7038
6979
7045
7106
6933
7229
7002
7025
7051
7035
6933
6889
7056
7028
7154
7106
7099
