4223
7086
7076
6998
6993
6976
6973
6961
7086
7001
7009
6932
7030
7226
7024
6992
7004
7037
7096
7020
7232
7084
6967
7117
7051
7059
7041
6981
6965
7116
6991
6990
7023
7188
6976
7034
7050
7101
7178
7030
7025
6878
7033
6829
6887
6961
6916
7063
7057
7047
7074
7122
7105
7129
7136
7099
6993
6919
7028
7046
6980
7003
6887
6957
6969
6846
7075
6980
7089
7126
7041
7000
7043
6974
6984
7146
6857
6949
6907
6926
6886
7026
7088
7063
7093
7100
7001
7036
7062
6961
7011
7180
6964
7007
6926
7092
7038
7011
6986
6989
