5056
6709
6561
6610
6585
6657
6719
6712
6581
6658
6522
6548
6685
6729
6681
6796
6587
6569
6652
6584
6509
6736
6587
6733
6662
6699
6706
6605
6628
6664
6608
6657
6701
6795
6611
6629
6676
6605
6495
6688
6582
6730
6594
6662
6631
6677
6744
6599
6574
6639
6727
6535
6493
6681
6678
6695
6603
6575
6624
6549
6630
6732
6580
6680
6523
6692
6649
6568
6573
6707
6734
6705
6576
6505
6606
6584
6632
6590
6721
6555
6762
6654
6721
6653
6642
6508
6530
6680
6626
6729
6499
6624
6578
6681
6629
6522
6578
6531
6616
6597
