5250
6988
7012
6998
7005
6982
7032
7070
7010
6956
6939
7067
7008
7080
7022
6989
7029
7108
6984
7008
7019
7054
6957
6919
6918
7046
6969
6887
6921
6941
7033
7050
7210
7033
7002
7015
7175
6969
6931
7093
6946
7048
6946
7054
7044
6988
6971
7055
6988
6942
6930
6963
7010
7024
6957
7080
7017
7032
7047
6954
7004
7098
6884
7054
6971
7055
7017
6998
7002
7107
7021
7077
6845
7058
6952
7002
6934
6898
7002
7034
7128
7032
6933
6949
6962
6952
6994
7039
6961
7002
6955
6991
6939
6900
6971
6988
7063
7025
7134
7118
