3487
6927
7064
7007
6947
7001
7018
7088
6994
6990
6988
7010
6967
7089
7032
7006
7097
7042
6995
6915
7105
7106
6973
6945
6985
7055
6950
6842
7116
6902
7019
7068
7068
7105
7047
7054
6993
7164
6854
6992
7072
7023
6932
7081
7045
7046
6870
7099
7099
6974
6941
6970
7032
7054
6988
7018
7109
6996
7027
7039
6937
7086
6977
6995
6999
7072
6990
7081
6873
7118
7017
7055
7057
6946
7090
6971
6910
6909
6952
7005
7048
7104
6954
7013
6984
6981
7076
6927
7149
6943
7010
7049
6998
6896
6894
6999
6984
7079
7039
7114
