2114
2096
7128
7160
7384
7376
7392
7328
7352
7152
7224
7208
7272
7328
7344
7200
7304
7344
7328
7344
7216
7288
7208
7320
7384
7440
7432
7192
7200
7248
7272
7368
7312
7216
7304
7264
7264
7296
7352
7208
7272
7296
7280
7280
7232
7248
7352
7176
7304
7320
7272
7296
7240
7320
7368
7376
7224
7248
7304
7280
7256
7216
7424
7224
7296
7224
7288
7280
7280
7192
7312
7208
7248
7160
7176
7320
7216
7352
7256
7232
7240
7296
7376
7288
7288
7160
7264
7312
7336
7152
7152
7304
7248
7192
7264
7216
7312
7368
7216
7360
