5435
6998
6988
7006
7024
7019
7048
7039
6815
6879
6853
7167
6855
7023
6937
6958
7017
6897
6930
7115
6930
7066
6969
6828
7019
7020
6959
6967
6890
6943
6930
6988
7005
7048
7010
7115
7055
6829
6911
6863
7037
6935
7037
6870
6864
7008
6991
6950
6982
6862
6936
6939
7015
6896
7053
6915
6942
6810
6881
6896
6825
6990
6922
6973
6892
6911
6881
6964
6899
7045
6892
6937
6909
6879
6972
6850
6964
6909
6946
6804
6920
6855
6895
6948
6944
7070
6875
6974
6927
6848
6875
6924
7001
6944
6882
7060
6968
6949
7069
7016
