7109
7076
7307
7241
7142
7274
7252
7197
7153
7087
7087
7164
7241
7164
7197
7021
7186
7197
7241
7164
7263
7120
7153
7230
7252
7120
7219
7285
7087
7131
7274
7098
7175
7197
7131
7175
7120
7219
7120
7186
7032
7098
7142
7131
7197
7186
7131
6966
7274
7241
7142
7142
7098
7076
7285
7230
7131
7131
7120
7131
7208
6966
7043
7043
7142
7175
7230
7054
7098
7142
7241
7131
7296
7208
7142
7175
7296
7142
7142
7296
7296
7164
7219
7164
7197
7230
7098
7021
7153
7197
7208
7208
7065
7241
7065
7241
7296
7208
7054
7043
