5445
6990
6996
7006
7013
6974
7038
7078
6994
6958
6931
7085
6962
7007
6965
6896
7062
6958
6942
7052
6943
7069
7012
6929
6921
7041
6979
6992
6908
6972
6995
7023
7235
7046
6993
6947
7230
6860
6789
7112
6934
6993
7006
7091
6994
6834
7097
7097
6952
6949
6933
6945
6951
6997
6903
7067
6916
7030
7024
6910
7117
6930
6916
6979
7017
6908
7119
6901
7100
7046
7030
6997
6943
7062
6884
6924
6895
6879
6990
7144
7005
6885
6924
6883
6938
6981
6984
7029
7030
6982
6932
6924
6878
7026
6862
6944
6871
7079
6957
6960
