3487
6165
7082
6981
6949
7011
7017
7057
7024
6996
7002
6980
6975
7093
7020
7014
7081
7056
7001
6931
7127
7054
7025
6837
6924
7063
6980
6860
7155
6899
7033
6988
7088
7121
7039
7046
6942
7186
6808
7004
7052
7033
6938
7059
7045
7049
6836
7105
7109
6966
6967
6938
7036
7046
6994
6966
7113
6990
7027
7047
6940
7086
6958
6994
7007
7061
6998
7081
6827
7112
7015
7055
7057
6882
7046
6973
6912
6909
6904
7002
7051
7094
6964
6988
6935
6994
7043
6931
7153
6957
6986
7038
6970
6887
6911
6982
6990
7103
7091
7052
