7109
7131
7208
7197
7175
7164
7219
7241
7175
7142
7054
7208
7230
7186
7131
7120
7252
7142
7197
7109
7252
7241
7098
7175
7230
7131
7142
7362
7197
7175
7197
7307
7263
7131
7153
7109
7219
7098
7208
7153
7098
7032
7153
7197
6999
7186
7153
7087
7120
7032
7043
7230
7131
7186
7109
7252
7153
7230
7142
7142
7230
7175
7109
7219
7219
7142
7164
7175
7197
7131
7164
7109
7153
7186
7120
7296
7131
7241
7164
7219
7175
7197
7098
7109
7208
7219
7285
7252
7153
7142
7175
7153
7098
7219
7043
7219
7219
7164
7076
7120
