5927
5881
6132
5934
6023
5887
5834
6064
6238
6191
5997
6130
5996
5961
5914
5913
6087
5970
6041
5991
5956
5930
6030
5712
6009
6001
5963
5868
5995
5923
6087
5911
5996
6040
6066
5991
6006
5960
5867
5984
6133
6010
5906
5937
5775
6030
6084
6037
5924
6082
5884
6180
6130
6055
6030
5886
5885
6033
5979
6059
5811
5789
6032
5879
5917
6224
6056
5900
6029
5967
6046
5927
5906
6009
6092
6051
5884
5923
6078
5885
6093
5997
5978
5958
5954
5987
5951
6066
5800
5920
5971
5976
6066
6013
6166
6087
6074
5913
5998
6060
