5264
7058
7089
7039
6925
6974
7015
6939
7036
7019
7036
6930
7058
7100
7098
6929
7002
7073
7023
7132
7164
7019
6992
7174
7056
7032
7014
7003
7064
7059
6994
7008
7058
7130
7032
7059
7005
7106
7184
7020
7064
6862
6990
6865
6888
7025
6948
7050
7023
7131
6998
7132
7146
7078
7104
7101
6937
6949
7015
7051
6958
6993
6907
6970
7030
7008
6963
7025
7117
7095
7013
6945
7011
6995
6971
7035
6844
6985
6908
6925
6900
7070
7056
7030
7024
7089
7045
7052
7061
7015
7122
7062
6926
7006
7021
7038
6999
6984
7031
6985
