5702
7030
7103
7047
6935
6962
7017
6928
7037
7035
7018
6902
7029
7022
7108
6942
7004
7067
6987
7159
7047
6960
7077
7081
6951
7022
7022
6959
7068
6913
7038
7005
7096
7074
7009
7072
7051
7070
7108
6961
6906
6950
7015
6749
6921
6964
7057
7080
6961
7058
7094
7108
7174
6929
7199
7024
6923
6985
7019
7049
6982
6955
6872
6879
6891
7078
6983
7054
7222
6858
7045
6986
6967
6995
6964
6882
6932
6911
6960
6866
7059
6984
6974
6987
7081
7020
7060
7042
6948
7060
7114
6927
6905
6948
7020
7023
6901
6991
6931
7044
