5766
6985
7047
6998
6956
6998
6856
6775
7062
6885
7005
7070
7079
7015
7030
6900
6931
6978
7000
7069
6982
6912
7024
6953
6803
6965
7024
7058
6951
6967
6943
6979
6938
7015
7071
6969
7050
7068
6955
6912
6878
6907
6956
6818
6929
6937
6961
6989
7065
6900
6886
7036
7040
7038
6955
6833
6933
6989
6778
6951
6850
6914
6951
6977
6974
7018
7040
7062
6823
7011
6934
6997
6886
6846
6925
6814
6841
6842
7049
6925
6901
7048
6999
6917
6992
6982
6899
7081
7033
6866
6938
7070
6978
7000
6914
6891
7102
6861
7035
7039
